0.001931
0.002071
0.001954
0.002546
0.002290
0.001961
0.001860
0.001978
0.002730
0.002163
0.002309
0.002587
0.002392
0.002382
0.001991
0.002095
0.002157
0.002331
0.001925
0.002010
0.002746
0.002009
0.002516
0.002142
0.002065
0.001777
0.001918
0.002148
0.002170
0.001809
0.002967
0.002265
0.003329
0.002089
0.002048
0.001988
0.001865
0.002485
0.001781
0.002175
0.001901
0.002006
0.002075
0.001876
0.002025
0.002317
0.002395
0.001757
0.002020
0.001940
